-7.738869959711255575e+00
-8.121063631819835038e+00
-7.611472069008396346e+00
-7.912131091067145405e+00
-7.555416997099137610e+00
-7.978377994232632275e+00
-7.443306853280621027e+00
-7.769445453479941754e+00
-7.453498684536850050e+00
-7.484074178305536229e+00
-7.677718972173883216e+00
-7.402539528255705825e+00
-7.412731359511934848e+00
-7.422923190768162982e+00
-7.463690515793079072e+00
-7.397443612627591314e+00
-7.397443612627591314e+00
-7.402539528255705825e+00
-7.769445453479941754e+00
-7.407635443883820336e+00
-7.963090247348288742e+00
-7.550321081471023099e+00
-8.054816728654348168e+00
-7.407635443883820336e+00
-7.963090247348288742e+00
-7.453498684536850050e+00
-8.034433066141890123e+00
-7.606376153380281835e+00
-7.957994331720174230e+00
-8.049720813026233657e+00
-8.049720813026233657e+00
-8.100679969307376993e+00
-8.014049403629432078e+00
-8.090488138051147970e+00
-8.121063631819835038e+00
-8.110871800563606016e+00
-8.100679969307376993e+00
-8.070104475538691702e+00
-7.642047562777081637e+00
-8.115967716191720527e+00
-7.876459681670343826e+00
-8.126159547447949549e+00
-7.412731359511934848e+00
-8.161830956844749352e+00
-7.407635443883820336e+00
-8.075200391166806213e+00
-7.631855731520853503e+00
-7.545225165842908588e+00
-7.570704743983480256e+00
-7.687910803430112239e+00
-7.616567984636510857e+00
-7.453498684536850050e+00
-7.433115022024392005e+00
-7.397443612627591314e+00
-7.448402768908735538e+00
-7.529937418958565942e+00
-7.392347696999477691e+00
-7.407635443883820336e+00
-7.601280237752167324e+00
-7.458594600164964561e+00
-7.973282078604517764e+00
-7.402539528255705825e+00
-7.957994331720174230e+00
-7.412731359511934848e+00
-8.090488138051147970e+00
-7.560512912727252122e+00
-7.693006719058226750e+00
-7.789829115992398911e+00
-8.110871800563606016e+00
-8.070104475538691702e+00
-8.065008559910577191e+00
-8.105775884935491504e+00
-7.871363766042229315e+00
-8.090488138051147970e+00
-8.044624897398119145e+00
-8.100679969307376993e+00
-8.029337150513775612e+00
-8.136351378704178572e+00
-7.499361925189878875e+00
-8.075200391166806213e+00
-7.657335309661425171e+00
-8.080296306794920724e+00
-7.463690515793079072e+00
-7.978377994232632275e+00
-7.662431225289539682e+00
-7.891747428554687360e+00
-7.428019106396277493e+00
-7.718486297198797530e+00
-7.687910803430112239e+00
-7.514649672074222408e+00
-7.591088406495938301e+00
-7.478978262677421718e+00
-7.402539528255705825e+00
-7.397443612627591314e+00
-7.458594600164964561e+00
-7.402539528255705825e+00
-7.473882347049307207e+00
-7.478978262677421718e+00
-7.723582212826912041e+00
-7.494266009561764363e+00
-7.850980103529772158e+00
-7.428019106396277493e+00
-7.907035175439030894e+00
-7.529937418958565942e+00
-8.141447294332291307e+00
-7.794925031620513423e+00
-7.764349537851828131e+00
-7.993665741116974921e+00
-7.973282078604517764e+00
-8.080296306794920724e+00
-7.845884187901657647e+00
-8.065008559910577191e+00
-8.141447294332291307e+00
-8.131255463076064061e+00
-8.080296306794920724e+00
-8.080296306794920724e+00
-7.754157706595599109e+00
-8.095584053679262482e+00
-7.723582212826912041e+00
-8.054816728654348168e+00
-7.504457840817993386e+00
-8.126159547447949549e+00
-7.458594600164964561e+00
-8.014049403629432078e+00
-7.473882347049307207e+00
-7.412731359511934848e+00
-7.601280237752167324e+00
-7.463690515793079072e+00
-7.580896575239709279e+00
-7.438210937652506516e+00
-7.509553756446107897e+00
-7.412731359511934848e+00
-7.417827275140048471e+00
-7.458594600164964561e+00
-7.514649672074222408e+00
-7.428019106396277493e+00
-7.596184322124052812e+00
-7.468786431421193583e+00
-8.024241234885661100e+00
-7.428019106396277493e+00
-7.988569825488861298e+00
-7.392347696999477691e+00
-8.014049403629432078e+00
-7.703198550314454884e+00
-7.815308694132971468e+00
-7.830596441017315001e+00
-8.059912644282462679e+00
-8.059912644282462679e+00
-8.070104475538691702e+00
-8.070104475538691702e+00
-7.805116862876742445e+00
-8.003857572373203055e+00
-8.100679969307376993e+00
-8.090488138051147970e+00
-8.065008559910577191e+00
-8.105775884935491504e+00
-7.585992490867823790e+00
-8.049720813026233657e+00
-7.606376153380281835e+00
-8.019145319257546589e+00
-7.494266009561764363e+00
-7.917227006695259917e+00
-7.540129250214794965e+00
-7.912131091067145405e+00
-7.468786431421193583e+00
-7.514649672074222408e+00
-7.575800659611594767e+00
-7.412731359511934848e+00
-7.448402768908735538e+00
-7.580896575239709279e+00
-7.529937418958565942e+00
-7.428019106396277493e+00
-7.458594600164964561e+00
-7.387251781371363180e+00
-7.718486297198797530e+00
-7.402539528255705825e+00
-7.830596441017315001e+00
-7.489170093933650740e+00
-8.105775884935491504e+00
-7.478978262677421718e+00
-7.901939259810916383e+00
-7.616567984636510857e+00
-8.070104475538691702e+00
-7.968186162976403253e+00
-7.957994331720174230e+00
-8.075200391166806213e+00
-8.151639125588520329e+00
-7.932514753579602562e+00
-7.957994331720174230e+00
-7.957994331720174230e+00
-8.095584053679262482e+00
-8.029337150513775612e+00
-8.003857572373203055e+00
-8.034433066141890123e+00
-7.937610669207716185e+00
-7.881555597298458338e+00
-7.606376153380281835e+00
-8.065008559910577191e+00
-7.407635443883820336e+00
-7.876459681670343826e+00
-7.407635443883820336e+00
-7.840788272273544024e+00
-7.621663900264624480e+00
-7.402539528255705825e+00
-7.438210937652506516e+00
-7.402539528255705825e+00
-7.489170093933650740e+00
-7.591088406495938301e+00
-7.422923190768162982e+00
-7.453498684536850050e+00
-7.433115022024392005e+00
-7.433115022024392005e+00
-7.687910803430112239e+00
-7.570704743983480256e+00
-7.856076019157886670e+00
-7.412731359511934848e+00
-8.070104475538691702e+00
-7.647143478405196149e+00
-8.085392222423035236e+00
-7.540129250214794965e+00
-8.080296306794920724e+00
-7.993665741116974921e+00
-8.131255463076064061e+00
-8.070104475538691702e+00
-8.080296306794920724e+00
-7.794925031620513423e+00
-8.131255463076064061e+00
-7.998761656745089432e+00
-8.100679969307376993e+00
-7.667527140917654194e+00
-8.003857572373203055e+00
-7.754157706595599109e+00
-7.769445453479941754e+00
-8.095584053679262482e+00
-7.417827275140048471e+00
-8.085392222423035236e+00
-7.428019106396277493e+00
-7.861171934786001181e+00
-7.438210937652506516e+00
-7.499361925189878875e+00
-7.417827275140048471e+00
-7.519745587702336920e+00
-7.402539528255705825e+00
-7.529937418958565942e+00
-7.397443612627591314e+00
-7.412731359511934848e+00
-7.412731359511934848e+00
-7.988569825488861298e+00
-7.433115022024392005e+00
-7.524841503330451431e+00
-7.555416997099137610e+00
-7.631855731520853503e+00
-8.085392222423035236e+00
-7.489170093933650740e+00
-7.998761656745089432e+00
-7.876459681670343826e+00
-8.126159547447949549e+00
-7.845884187901657647e+00
-8.059912644282462679e+00
-7.957994331720174230e+00
-7.973282078604517764e+00
-8.105775884935491504e+00
-8.100679969307376993e+00
-8.070104475538691702e+00
-8.105775884935491504e+00
-7.652239394033310660e+00
-8.100679969307376993e+00
-7.896843344182801872e+00
-7.825500525389200490e+00
-7.743965875339370086e+00
-7.672623056545768705e+00
-7.968186162976403253e+00
-7.550321081471023099e+00
-7.657335309661425171e+00
-7.417827275140048471e+00
-8.024241234885661100e+00
-7.397443612627591314e+00
-7.494266009561764363e+00
-7.489170093933650740e+00
-7.468786431421193583e+00
-7.422923190768162982e+00
-7.509553756446107897e+00
-7.428019106396277493e+00
-7.570704743983480256e+00
-7.387251781371363180e+00
-7.509553756446107897e+00
-7.672623056545768705e+00
-7.596184322124052812e+00
-7.524841503330451431e+00
-7.728678128455026553e+00
-8.049720813026233657e+00
-7.845884187901657647e+00
-8.070104475538691702e+00
-7.550321081471023099e+00
-8.029337150513775612e+00
-7.861171934786001181e+00
-8.003857572373203055e+00
-7.815308694132971468e+00
-8.044624897398119145e+00
-8.029337150513775612e+00
-8.110871800563606016e+00
-8.019145319257546589e+00
-8.080296306794920724e+00
-7.723582212826912041e+00
-7.957994331720174230e+00
-7.845884187901657647e+00
-8.075200391166806213e+00
-7.667527140917654194e+00
-7.738869959711255575e+00
-7.575800659611594767e+00
-7.647143478405196149e+00
-7.891747428554687360e+00
-7.540129250214794965e+00
-7.856076019157886670e+00
-7.407635443883820336e+00
-7.636951647148968014e+00
-7.585992490867823790e+00
-7.433115022024392005e+00
-7.453498684536850050e+00
-7.412731359511934848e+00
-7.412731359511934848e+00
-7.764349537851828131e+00
-7.489170093933650740e+00
-7.606376153380281835e+00
-7.509553756446107897e+00
-8.070104475538691702e+00
-7.565608828355365745e+00
-7.789829115992398911e+00
-7.789829115992398911e+00
-7.845884187901657647e+00
-8.100679969307376993e+00
-7.881555597298458338e+00
-8.019145319257546589e+00
-7.876459681670343826e+00
-7.733774044083141064e+00
-8.029337150513775612e+00
-8.044624897398119145e+00
-8.121063631819835038e+00
-7.917227006695259917e+00
-8.008953488001317567e+00
-8.070104475538691702e+00
-7.917227006695259917e+00
-7.998761656745089432e+00
-7.550321081471023099e+00
-7.942706584835830697e+00
-7.682814887801997727e+00
-7.749061790967484598e+00
-7.438210937652506516e+00
-7.575800659611594767e+00
-7.713390381570683019e+00
-7.412731359511934848e+00
-7.514649672074222408e+00
-7.412731359511934848e+00
-7.468786431421193583e+00
-7.484074178305536229e+00
-7.499361925189878875e+00
-7.815308694132971468e+00
-7.448402768908735538e+00
-7.417827275140048471e+00
-7.458594600164964561e+00
-7.524841503330451431e+00
-7.815308694132971468e+00
-7.443306853280621027e+00
-7.774541369108056266e+00
-7.861171934786001181e+00
-7.983473909860746787e+00
-7.774541369108056266e+00
-7.810212778504856956e+00
-8.100679969307376993e+00
-7.983473909860746787e+00
-8.085392222423035236e+00
-7.728678128455026553e+00
-7.845884187901657647e+00
-8.003857572373203055e+00
-7.687910803430112239e+00
-8.065008559910577191e+00
-8.049720813026233657e+00
-8.029337150513775612e+00
-8.080296306794920724e+00
-7.810212778504856956e+00
-8.105775884935491504e+00
-7.575800659611594767e+00
-7.856076019157886670e+00
-7.789829115992398911e+00
-7.774541369108056266e+00
-7.621663900264624480e+00
-7.529937418958565942e+00
-7.494266009561764363e+00
-7.489170093933650740e+00
-7.815308694132971468e+00
-7.453498684536850050e+00
-7.631855731520853503e+00
-7.529937418958565942e+00
-7.820404609761085979e+00
-7.560512912727252122e+00
-7.412731359511934848e+00
-7.422923190768162982e+00
-7.407635443883820336e+00
-7.565608828355365745e+00
-7.805116862876742445e+00
-7.616567984636510857e+00
-7.652239394033310660e+00
-7.468786431421193583e+00
-7.973282078604517764e+00
-7.693006719058226750e+00
-7.963090247348288742e+00
-7.631855731520853503e+00
-7.876459681670343826e+00
-8.085392222423035236e+00
-7.606376153380281835e+00
-7.973282078604517764e+00
-7.840788272273544024e+00
-7.891747428554687360e+00
-7.968186162976403253e+00
-7.850980103529772158e+00
-7.927418837951488051e+00
-7.845884187901657647e+00
-7.820404609761085979e+00
-8.110871800563606016e+00
-7.978377994232632275e+00
-7.963090247348288742e+00
-7.473882347049307207e+00
-8.014049403629432078e+00
-7.478978262677421718e+00
-7.825500525389200490e+00
-7.560512912727252122e+00
-7.397443612627591314e+00
-7.759253622223713620e+00
-7.433115022024392005e+00
-7.591088406495938301e+00
-7.494266009561764363e+00
-7.570704743983480256e+00
-7.448402768908735538e+00
-7.545225165842908588e+00
-7.779637284736170777e+00
-7.397443612627591314e+00
-7.514649672074222408e+00
-7.473882347049307207e+00
-7.555416997099137610e+00
-7.907035175439030894e+00
-7.453498684536850050e+00
-7.743965875339370086e+00
-7.784733200364285288e+00
-7.947802500463945208e+00
-7.927418837951488051e+00
-7.800020947248627934e+00
-7.993665741116974921e+00
-8.059912644282462679e+00
-8.121063631819835038e+00
-7.866267850414114804e+00
-7.759253622223713620e+00
-8.044624897398119145e+00
-7.754157706595599109e+00
-8.039528981770004634e+00
-7.942706584835830697e+00
-8.003857572373203055e+00
-7.861171934786001181e+00
-7.636951647148968014e+00
-7.988569825488861298e+00
-7.754157706595599109e+00
-7.662431225289539682e+00
-7.494266009561764363e+00
-7.815308694132971468e+00
-7.489170093933650740e+00
-7.428019106396277493e+00
-7.509553756446107897e+00
-7.392347696999477691e+00
-7.662431225289539682e+00
-7.555416997099137610e+00
-7.438210937652506516e+00
-7.779637284736170777e+00
-7.428019106396277493e+00
-7.636951647148968014e+00
-7.473882347049307207e+00
-7.835692356645429513e+00
-7.555416997099137610e+00
-7.443306853280621027e+00
-7.988569825488861298e+00
-7.886651512926572849e+00
-7.907035175439030894e+00
-7.591088406495938301e+00
-8.075200391166806213e+00
-7.988569825488861298e+00
-8.090488138051147970e+00
-8.029337150513775612e+00
-7.845884187901657647e+00
-7.861171934786001181e+00
-8.024241234885661100e+00
-7.779637284736170777e+00
-8.019145319257546589e+00
-7.652239394033310660e+00
-8.008953488001317567e+00
-7.703198550314454884e+00
-8.054816728654348168e+00
-7.601280237752167324e+00
-7.453498684536850050e+00
-7.769445453479941754e+00
-7.565608828355365745e+00
-7.738869959711255575e+00
-7.407635443883820336e+00
-7.580896575239709279e+00
-7.382155865743248668e+00
-7.443306853280621027e+00
-7.397443612627591314e+00
-7.535033334586680454e+00
-7.433115022024392005e+00
-7.494266009561764363e+00
-7.407635443883820336e+00
-8.019145319257546589e+00
-7.387251781371363180e+00
-7.856076019157886670e+00
-7.504457840817993386e+00
-7.881555597298458338e+00
-7.672623056545768705e+00
-7.942706584835830697e+00
-7.861171934786001181e+00
-7.973282078604517764e+00
-8.054816728654348168e+00
-7.922322922323373540e+00
-8.070104475538691702e+00
-8.019145319257546589e+00
-8.039528981770004634e+00
-8.080296306794920724e+00
-8.100679969307376993e+00
-8.029337150513775612e+00
-7.942706584835830697e+00
-7.713390381570683019e+00
-8.044624897398119145e+00
-7.570704743983480256e+00
-8.044624897398119145e+00
-7.402539528255705825e+00
-8.019145319257546589e+00
-7.514649672074222408e+00
-7.703198550314454884e+00
-7.407635443883820336e+00
-7.417827275140048471e+00
-7.478978262677421718e+00
-7.397443612627591314e+00
-7.412731359511934848e+00
-7.529937418958565942e+00
-7.591088406495938301e+00
-7.478978262677421718e+00
-7.550321081471023099e+00
-7.693006719058226750e+00
-7.698102634686340373e+00
-7.397443612627591314e+00
-7.876459681670343826e+00
-7.514649672074222408e+00
-8.075200391166806213e+00
-7.433115022024392005e+00
-8.080296306794920724e+00
-8.008953488001317567e+00
-8.034433066141890123e+00
-8.039528981770004634e+00
-7.871363766042229315e+00
-8.075200391166806213e+00
-8.095584053679262482e+00
-8.044624897398119145e+00
-8.085392222423035236e+00
-7.794925031620513423e+00
-7.973282078604517764e+00
-7.876459681670343826e+00
-7.942706584835830697e+00
-8.080296306794920724e+00
-7.540129250214794965e+00
-8.075200391166806213e+00
-7.422923190768162982e+00
-7.978377994232632275e+00
-7.417827275140048471e+00
-7.570704743983480256e+00
-7.397443612627591314e+00
-7.535033334586680454e+00
-7.448402768908735538e+00
-7.433115022024392005e+00
-7.397443612627591314e+00
-7.402539528255705825e+00
-7.417827275140048471e+00
-7.642047562777081637e+00
-7.412731359511934848e+00
-7.545225165842908588e+00
-7.433115022024392005e+00
-7.524841503330451431e+00
-7.896843344182801872e+00
-7.555416997099137610e+00
-8.075200391166806213e+00
-7.478978262677421718e+00
-8.090488138051147970e+00
-7.749061790967484598e+00
-8.085392222423035236e+00
-7.621663900264624480e+00
-8.049720813026233657e+00
-8.075200391166806213e+00
-8.090488138051147970e+00
-8.075200391166806213e+00
-8.080296306794920724e+00
-7.733774044083141064e+00
-8.105775884935491504e+00
-7.927418837951488051e+00
-8.100679969307376993e+00
-7.703198550314454884e+00
-7.835692356645429513e+00
-7.968186162976403253e+00
-7.565608828355365745e+00
-7.769445453479941754e+00
-7.509553756446107897e+00
-7.682814887801997727e+00
-7.402539528255705825e+00
-7.901939259810916383e+00
-7.677718972173883216e+00
-7.540129250214794965e+00
-7.387251781371363180e+00
-7.402539528255705825e+00
-7.438210937652506516e+00
-7.468786431421193583e+00
-7.392347696999477691e+00
-7.570704743983480256e+00
-7.412731359511934848e+00
-7.861171934786001181e+00
-7.478978262677421718e+00
-7.830596441017315001e+00
-7.784733200364285288e+00
-7.993665741116974921e+00
-8.008953488001317567e+00
-7.703198550314454884e+00
-8.054816728654348168e+00
-7.779637284736170777e+00
-8.019145319257546589e+00
-7.769445453479941754e+00
-8.095584053679262482e+00
-8.065008559910577191e+00
-8.115967716191720527e+00
-8.100679969307376993e+00
-8.085392222423035236e+00
-7.998761656745089432e+00
-8.059912644282462679e+00
-7.667527140917654194e+00
-8.100679969307376993e+00
-7.840788272273544024e+00
-7.861171934786001181e+00
-7.529937418958565942e+00
-7.886651512926572849e+00
-8.019145319257546589e+00
-7.402539528255705825e+00
-7.856076019157886670e+00
-7.392347696999477691e+00
-7.856076019157886670e+00
-7.387251781371363180e+00
-7.468786431421193583e+00
-7.397443612627591314e+00
-7.407635443883820336e+00
-7.402539528255705825e+00
-7.484074178305536229e+00
-7.407635443883820336e+00
-7.499361925189878875e+00
-7.448402768908735538e+00
-7.800020947248627934e+00
-7.550321081471023099e+00
-7.738869959711255575e+00
-7.478978262677421718e+00
-7.708294465942569396e+00
-8.008953488001317567e+00
-7.580896575239709279e+00
-8.049720813026233657e+00
-7.580896575239709279e+00
-8.090488138051147970e+00
-8.008953488001317567e+00
-8.080296306794920724e+00
-7.810212778504856956e+00
-7.998761656745089432e+00
-8.146543209960405818e+00
-8.126159547447949549e+00
-8.115967716191720527e+00
-8.039528981770004634e+00
-7.759253622223713620e+00
-8.105775884935491504e+00
-7.585992490867823790e+00
-8.003857572373203055e+00
-7.489170093933650740e+00
-7.682814887801997727e+00
-7.794925031620513423e+00
-7.835692356645429513e+00
-7.845884187901657647e+00
-7.417827275140048471e+00
-7.759253622223713620e+00
-7.422923190768162982e+00
-7.779637284736170777e+00
-7.478978262677421718e+00
-7.458594600164964561e+00
-7.397443612627591314e+00
-7.433115022024392005e+00
-7.407635443883820336e+00
-7.642047562777081637e+00
-7.407635443883820336e+00
-7.509553756446107897e+00
-7.417827275140048471e+00
-7.978377994232632275e+00
-7.494266009561764363e+00
-7.749061790967484598e+00
-7.529937418958565942e+00
-7.917227006695259917e+00
-7.800020947248627934e+00
-7.723582212826912041e+00
-8.044624897398119145e+00
-7.912131091067145405e+00
-8.039528981770004634e+00
-7.835692356645429513e+00
-8.059912644282462679e+00
-8.044624897398119145e+00
-8.080296306794920724e+00
-8.085392222423035236e+00
-8.044624897398119145e+00
-7.952898416092059719e+00
-8.105775884935491504e+00
-7.626759815892738992e+00
-8.080296306794920724e+00
-7.713390381570683019e+00
-8.014049403629432078e+00
-7.606376153380281835e+00
-7.983473909860746787e+00
-7.891747428554687360e+00
-7.529937418958565942e+00
-7.677718972173883216e+00
-7.392347696999477691e+00
-7.769445453479941754e+00
-7.412731359511934848e+00
-7.458594600164964561e+00
-7.397443612627591314e+00
-7.407635443883820336e+00
-7.407635443883820336e+00
-7.433115022024392005e+00
-7.448402768908735538e+00
-7.504457840817993386e+00
-7.509553756446107897e+00
-7.805116862876742445e+00
-7.402539528255705825e+00
-7.901939259810916383e+00
-7.448402768908735538e+00
-7.789829115992398911e+00
-7.779637284736170777e+00
-7.850980103529772158e+00
-7.963090247348288742e+00
-7.606376153380281835e+00
-8.065008559910577191e+00
-7.947802500463945208e+00
-8.080296306794920724e+00
-7.845884187901657647e+00
-8.054816728654348168e+00
-7.998761656745089432e+00
-8.065008559910577191e+00
-7.927418837951488051e+00
-7.912131091067145405e+00
-7.591088406495938301e+00
-8.105775884935491504e+00
-7.672623056545768705e+00
-8.080296306794920724e+00
-7.550321081471023099e+00
-7.881555597298458338e+00
-7.738869959711255575e+00
-7.835692356645429513e+00
-7.570704743983480256e+00
-7.514649672074222408e+00
-7.555416997099137610e+00
-7.448402768908735538e+00
-7.570704743983480256e+00
-7.428019106396277493e+00
-7.397443612627591314e+00
-7.412731359511934848e+00
-7.433115022024392005e+00
-7.402539528255705825e+00
-7.896843344182801872e+00
-7.443306853280621027e+00
-7.657335309661425171e+00
-7.417827275140048471e+00
-8.070104475538691702e+00
-7.575800659611594767e+00
-7.957994331720174230e+00
-7.596184322124052812e+00
-8.070104475538691702e+00
-7.912131091067145405e+00
-7.917227006695259917e+00
-7.998761656745089432e+00
-7.866267850414114804e+00
-7.866267850414114804e+00
-8.080296306794920724e+00
-8.054816728654348168e+00
-7.998761656745089432e+00
-7.912131091067145405e+00
-7.743965875339370086e+00
-8.059912644282462679e+00
-7.529937418958565942e+00
-8.059912644282462679e+00
-7.448402768908735538e+00
-8.065008559910577191e+00
-7.504457840817993386e+00
-8.059912644282462679e+00
-7.412731359511934848e+00
-7.662431225289539682e+00
-7.555416997099137610e+00
-7.402539528255705825e+00
-7.397443612627591314e+00
-7.402539528255705825e+00
-7.560512912727252122e+00
-7.407635443883820336e+00
-7.473882347049307207e+00
-7.412731359511934848e+00
-7.672623056545768705e+00
-7.387251781371363180e+00
-7.784733200364285288e+00
-7.585992490867823790e+00
-7.917227006695259917e+00
-7.397443612627591314e+00
-8.039528981770004634e+00
-7.443306853280621027e+00
-8.085392222423035236e+00
-7.540129250214794965e+00
-8.024241234885661100e+00
-8.019145319257546589e+00
-8.070104475538691702e+00
-8.065008559910577191e+00
-7.978377994232632275e+00
-8.059912644282462679e+00
-7.998761656745089432e+00
-8.065008559910577191e+00
-8.044624897398119145e+00
-7.942706584835830697e+00
-7.677718972173883216e+00
-7.917227006695259917e+00
-7.550321081471023099e+00
-8.075200391166806213e+00
-7.392347696999477691e+00
-7.891747428554687360e+00
-7.382155865743248668e+00
-7.988569825488861298e+00
-7.412731359511934848e+00
-7.438210937652506516e+00
-7.428019106396277493e+00
-7.412731359511934848e+00
-7.382155865743248668e+00
-7.448402768908735538e+00
-7.473882347049307207e+00
-7.494266009561764363e+00
-7.402539528255705825e+00
-7.845884187901657647e+00
-7.529937418958565942e+00
-7.682814887801997727e+00
-7.840788272273544024e+00
-7.494266009561764363e+00
-8.019145319257546589e+00
-7.591088406495938301e+00
-8.029337150513775612e+00
-7.484074178305536229e+00
-7.968186162976403253e+00
-7.840788272273544024e+00
-8.100679969307376993e+00
-7.891747428554687360e+00
-7.983473909860746787e+00
-7.861171934786001181e+00
-8.049720813026233657e+00
-7.998761656745089432e+00
-7.998761656745089432e+00
-7.540129250214794965e+00
-8.008953488001317567e+00
-7.947802500463945208e+00
-7.800020947248627934e+00
-7.769445453479941754e+00
-7.412731359511934848e+00
-8.024241234885661100e+00
-7.417827275140048471e+00
-7.677718972173883216e+00
-7.570704743983480256e+00
-7.687910803430112239e+00
-7.428019106396277493e+00
-7.657335309661425171e+00
-7.789829115992398911e+00
-7.422923190768162982e+00
-7.402539528255705825e+00
-7.484074178305536229e+00
-7.489170093933650740e+00
-7.743965875339370086e+00
-7.463690515793079072e+00
-7.662431225289539682e+00
-7.759253622223713620e+00
-7.901939259810916383e+00
-7.968186162976403253e+00
-7.504457840817993386e+00
-8.059912644282462679e+00
-7.774541369108056266e+00
-7.993665741116974921e+00
-7.698102634686340373e+00
-7.968186162976403253e+00
-7.978377994232632275e+00
-7.743965875339370086e+00
-7.957994331720174230e+00
-7.917227006695259917e+00
-8.034433066141890123e+00
-7.733774044083141064e+00
-7.891747428554687360e+00
-7.942706584835830697e+00
-7.631855731520853503e+00
-7.616567984636510857e+00
-7.631855731520853503e+00
-7.565608828355365745e+00
-7.693006719058226750e+00
-7.422923190768162982e+00
-7.453498684536850050e+00
-7.412731359511934848e+00
-7.891747428554687360e+00
-7.840788272273544024e+00
-7.478978262677421718e+00
-7.784733200364285288e+00
-7.407635443883820336e+00
-7.585992490867823790e+00
-7.509553756446107897e+00
-7.779637284736170777e+00
-7.494266009561764363e+00
-7.565608828355365745e+00
-7.932514753579602562e+00
-7.896843344182801872e+00
-7.774541369108056266e+00
-7.866267850414114804e+00
-8.065008559910577191e+00
-8.070104475538691702e+00
-8.039528981770004634e+00
-8.085392222423035236e+00
-7.937610669207716185e+00
-7.631855731520853503e+00
-7.968186162976403253e+00
-7.433115022024392005e+00
-7.932514753579602562e+00
-7.473882347049307207e+00
-7.998761656745089432e+00
-7.550321081471023099e+00
-8.019145319257546589e+00
-7.402539528255705825e+00
-7.489170093933650740e+00
-7.611472069008396346e+00
-7.560512912727252122e+00
-7.693006719058226750e+00
-7.392347696999477691e+00
-7.463690515793079072e+00
-7.387251781371363180e+00
-7.402539528255705825e+00
-7.392347696999477691e+00
-7.805116862876742445e+00
-7.504457840817993386e+00
-7.677718972173883216e+00
-7.412731359511934848e+00
-7.988569825488861298e+00
-7.428019106396277493e+00
-7.871363766042229315e+00
-7.422923190768162982e+00
-8.049720813026233657e+00
-7.433115022024392005e+00
-8.044624897398119145e+00
-7.856076019157886670e+00
-7.927418837951488051e+00
-8.080296306794920724e+00
-8.059912644282462679e+00
-7.952898416092059719e+00
-8.085392222423035236e+00
-8.014049403629432078e+00
-8.049720813026233657e+00
-7.998761656745089432e+00
-7.591088406495938301e+00
-8.044624897398119145e+00
-7.550321081471023099e+00
-8.070104475538691702e+00
-7.453498684536850050e+00
-8.080296306794920724e+00
-7.428019106396277493e+00
-7.871363766042229315e+00
-7.540129250214794965e+00
-7.555416997099137610e+00
-7.407635443883820336e+00
-7.407635443883820336e+00
-7.433115022024392005e+00
-7.407635443883820336e+00
-7.458594600164964561e+00
-7.412731359511934848e+00
-7.570704743983480256e+00
-7.428019106396277493e+00
-7.570704743983480256e+00
-7.570704743983480256e+00
-7.845884187901657647e+00
-7.438210937652506516e+00
-8.029337150513775612e+00
-7.443306853280621027e+00
-8.054816728654348168e+00
-7.473882347049307207e+00
-8.049720813026233657e+00
-7.810212778504856956e+00
-8.049720813026233657e+00
-7.937610669207716185e+00
-7.891747428554687360e+00
-8.059912644282462679e+00
-8.049720813026233657e+00
-8.065008559910577191e+00
-8.105775884935491504e+00
-7.998761656745089432e+00
-7.779637284736170777e+00
-8.080296306794920724e+00
-7.805116862876742445e+00
-8.070104475538691702e+00
-7.433115022024392005e+00
-8.100679969307376993e+00
-7.382155865743248668e+00
-8.044624897398119145e+00
-7.392347696999477691e+00
-7.652239394033310660e+00
-7.402539528255705825e+00
-7.891747428554687360e+00
-7.397443612627591314e+00
-7.397443612627591314e+00
-7.489170093933650740e+00
-7.402539528255705825e+00
-7.402539528255705825e+00
-7.478978262677421718e+00
-7.422923190768162982e+00
-7.652239394033310660e+00
-7.519745587702336920e+00
-7.402539528255705825e+00
-8.054816728654348168e+00
-7.417827275140048471e+00
-7.947802500463945208e+00
