6.490071641650292378e-01
5.725684297433133452e-01
5.012256109497119638e-01
8.222682955209190681e-01
8.222682955209190681e-01
6.031439235120004128e-01
7.560213923554321980e-01
1.711362627884582821e-02
-1.867229988457292933e-01
-1.855778311795575064e-02
3.279644795938239099e-01
2.719094076845660624e-01
-2.988331426642467648e-01
2.220954190696033947e-02
1.241278544692470120e-01
3.993072983874252913e-01
-3.956555395984207024e-01
-3.192168051767048098e-01
-2.937372270361322535e-01
-3.141208895485902985e-01
4.768912004753289580e-02
6.807278255998916450e-02
4.349787077842250937e-01
-2.937372270361322535e-01
1.343196857254760346e-01
2.107584201471919272e-01
4.706501171810266726e-01
-1.765311675895002708e-01
-1.663393363332730246e-01
2.362379982877644835e-01
6.235275860244584578e-01
5.267051890902845201e-01
5.165133578340554976e-01
6.897744891899453279e-01
7.509254767273176867e-01
6.591989954212582603e-01
8.018846330084610230e-01
7.050622360742888617e-01
3.585399733625092011e-01
3.279644795938239099e-01
6.642949110493727716e-01
8.579397049177206469e-01
7.254458985867451304e-01
5.012256109497119638e-01
5.216092734621700089e-01
7.509254767273176867e-01
2.617175764283370398e-01
-3.854637083421916799e-01
-3.701759614578481461e-01
-3.905596239703061912e-01
-3.599841302016191236e-01
-2.172984926144163609e-01
-9.499651753967164325e-02
-3.243127208048175447e-01
-3.396004676891610785e-01
-3.701759614578481461e-01
-4.211351177389914824e-01
-4.058473708546479486e-01
-4.109432864827624599e-01
-4.058473708546479486e-01
3.279644795938239099e-01
5.012256109497119638e-01
6.642949110493727716e-01
4.808419484372556951e-01
8.375560424052626018e-01
8.579397049177206469e-01
8.426519580333771131e-01
5.827602609995423677e-01
6.490071641650292378e-01
7.764050548678902430e-01
8.681315361739496694e-01
6.744867423056017941e-01
6.999663204461743504e-01
7.713091392397757318e-01
4.604582859247976501e-01
5.216092734621700089e-01
5.063215265778264751e-01
1.852788420066211472e-01
-3.345045520610465672e-01
-2.478739863831034285e-01
2.362379982877644835e-01
1.496074326098195684e-01
-5.422919251475555313e-02
-1.663393363332730246e-01
1.750870107503921247e-01
2.922930701970223311e-01
-2.682576488955596972e-01
-3.803677927140771686e-01
-4.058473708546479486e-01
-3.905596239703061912e-01
-3.803677927140771686e-01
4.145950452717688250e-01
2.209502514034209497e-01
-2.874961437418299681e-02
-1.918189144738438046e-01
2.770053233126787973e-01
2.515257451721080173e-01
-1.855778311795575064e-02
-2.071066613581873384e-01
2.464298295439935060e-01
6.541030797931437490e-01
6.591989954212582603e-01
5.012256109497119638e-01
7.815009704960047543e-01
7.713091392397757318e-01
6.591989954212582603e-01
8.477478736614916244e-01
8.375560424052626018e-01
6.541030797931437490e-01
1.801829263785066360e-01
7.611173079835467092e-01
8.426519580333771131e-01
8.171723798928045568e-01
4.808419484372556951e-01
4.349787077842250937e-01
5.623765984870860990e-01
4.706501171810266726e-01
-2.886413114080177422e-01
-3.956555395984207024e-01
-4.007514552265334373e-01
-3.650800458297336348e-01
-4.007514552265334373e-01
-1.255720113083569345e-01
-3.803677927140771686e-01
-3.854637083421916799e-01
-3.854637083421916799e-01
-1.408597581927004683e-01
-4.913327688664104187e-02
-3.446963833172755898e-01
-3.294086364329320560e-01
1.496074326098195684e-01
5.114174422059409864e-01
5.012256109497119638e-01
5.216092734621700089e-01
7.764050548678902430e-01
7.407336454710886642e-01
8.732274518020624043e-01
8.273642111490335793e-01
7.611173079835467092e-01
8.630356205458351582e-01
8.579397049177206469e-01
7.509254767273176867e-01
6.541030797931437490e-01
8.630356205458351582e-01
7.611173079835467092e-01
6.286235016525729691e-01
7.458295610992031754e-01
7.316869818810367576e-02
-2.835453957799032310e-01
-3.956555395984207024e-01
-6.951693939909908693e-02
-1.663393363332730246e-01
-3.548882145735046123e-01
-3.803677927140771686e-01
-1.612434207051585133e-01
1.445115169817050571e-01
-2.886413114080177422e-01
-3.905596239703061912e-01
-4.262310333671059936e-01
-3.090249739204757873e-01
-3.294086364329320560e-01
4.298827921561105825e-01
4.604582859247976501e-01
4.757460328091411839e-01
1.496074326098195684e-01
7.967887173803465117e-01
6.948704048180598392e-01
4.349787077842250937e-01
-2.365369874607026190e-02
4.349787077842250937e-01
6.744867423056017941e-01
7.407336454710886642e-01
4.298827921561105825e-01
7.356377298429741529e-01
8.171723798928045568e-01
6.795826579337163054e-01
7.865968861241192656e-01
6.897744891899453279e-01
4.247868765279960712e-01
-2.274903238706453834e-01
3.075808170813658649e-01
4.655542015529121613e-01
4.808419484372556951e-01
-3.270036233612216847e-03
1.954706732628501697e-01
4.910337796934847177e-01
3.789236358749672462e-01
-2.529699020112161634e-01
-4.109432864827624599e-01
-4.211351177389914824e-01
-4.262310333671059936e-01
-2.427780707549889172e-01
8.336052944433269829e-02
-1.357638425645859570e-01
-3.141208895485902985e-01
-3.039290582923612760e-01
-7.461285502721359819e-02
4.768912004753289580e-02
-3.650800458297336348e-01
-3.650800458297336348e-01
1.343196857254760346e-01
5.572806828589715877e-01
5.776643453714278564e-01
5.827602609995423677e-01
8.324601267771480906e-01
6.999663204461743504e-01
7.865968861241192656e-01
8.273642111490335793e-01
8.579397049177206469e-01
7.865968861241192656e-01
6.846785735618308166e-01
8.834192830582914269e-01
8.681315361739496694e-01
7.662132236116612205e-01
3.993072983874252913e-01
3.891154671311962687e-01
2.922930701970223311e-01
8.336052944433269829e-02
-4.109432864827624599e-01
-4.262310333671059936e-01
-3.497922989453901010e-01
-3.141208895485902985e-01
-3.803677927140771686e-01
-4.415187802514495274e-01
-4.160392021108769711e-01
-2.682576488955596972e-01
-3.956555395984207024e-01
-3.548882145735046123e-01
-3.446963833172755898e-01
-4.058473708546479486e-01
-3.090249739204757873e-01
2.973889858251368423e-01
6.388153329088019916e-01
5.114174422059409864e-01
5.318011047183990314e-01
7.865968861241192656e-01
8.681315361739496694e-01
8.426519580333771131e-01
6.948704048180598392e-01
8.273642111490335793e-01
8.681315361739496694e-01
8.936111143145204494e-01
8.477478736614916244e-01
8.936111143145204494e-01
6.031439235120004128e-01
3.177726483375948874e-01
3.993072983874252913e-01
2.362379982877644835e-01
-1.357638425645859570e-01
-4.007514552265334373e-01
-3.141208895485902985e-01
3.240137316318936200e-02
-3.894144563041201934e-02
-2.733535645236742084e-01
-2.988331426642467648e-01
1.597992638660485909e-01
-6.442102377098457566e-02
-3.905596239703061912e-01
-3.039290582923612760e-01
-2.682576488955596972e-01
-2.529699020112161634e-01
1.496074326098195684e-01
6.795826579337163054e-01
5.216092734621700089e-01
1.648951794941631022e-01
4.259320441941838453e-02
4.502664546685686275e-01
4.349787077842250937e-01
3.279644795938239099e-01
-6.951693939909908693e-02
6.795826579337163054e-01
7.916928017522337768e-01
8.273642111490335793e-01
8.324601267771480906e-01
7.560213923554321980e-01
4.298827921561105825e-01
3.585399733625092011e-01
7.815009704960047543e-01
7.713091392397757318e-01
5.776643453714278564e-01
2.566216608002225286e-01
7.764050548678902430e-01
6.795826579337163054e-01
3.585399733625092011e-01
-1.204760956802424232e-01
-1.102842644240134007e-01
7.826461381621818703e-02
-2.874961437418299681e-02
-3.956555395984207024e-01
-4.262310333671059936e-01
-4.007514552265334373e-01
-4.262310333671059936e-01
-2.988331426642467648e-01
-1.408597581927004683e-01
-3.090249739204757873e-01
-3.854637083421916799e-01
-1.867229988457292933e-01
3.240137316318936200e-02
1.699910951222776134e-01
-1.816270832176147820e-01
4.259320441941838453e-02
5.827602609995423677e-01
7.611173079835467092e-01
4.604582859247976501e-01
5.419929359746280539e-01
8.426519580333771131e-01
8.018846330084610230e-01
8.783233674301769156e-01
8.579397049177206469e-01
8.273642111490335793e-01
7.254458985867451304e-01
8.273642111490335793e-01
8.630356205458351582e-01
8.579397049177206469e-01
4.604582859247976501e-01
2.668134920564515511e-01
2.973889858251368423e-01
4.655542015529121613e-01
-8.480468628344262072e-02
-3.192168051767048098e-01
-3.854637083421916799e-01
-2.365369874607026190e-02
-1.765311675895002708e-01
-4.007514552265334373e-01
-4.058473708546479486e-01
-3.192168051767048098e-01
-2.122025769863018496e-01
-4.313269489952205049e-01
-3.752718770859626574e-01
-3.956555395984207024e-01
-3.752718770859626574e-01
-4.913327688664104187e-02
7.305418142148596417e-01
5.878561766276568790e-01
5.827602609995423677e-01
2.362379982877644835e-01
8.426519580333771131e-01
6.031439235120004128e-01
4.400746234123396050e-01
2.730545753507485074e-02
5.419929359746280539e-01
8.018846330084610230e-01
8.273642111490335793e-01
7.458295610992031754e-01
8.630356205458351582e-01
3.585399733625092011e-01
2.107584201471919272e-01
5.368970203465135427e-01
5.063215265778264751e-01
1.088401075849052546e-01
1.801829263785066360e-01
6.133357547682294353e-01
8.528437892896061356e-01
5.063215265778264751e-01
1.852788420066211472e-01
1.547033482379340796e-01
-1.346186748984123938e-02
-3.384553000229750808e-02
-1.561475050770440021e-01
-4.058473708546479486e-01
-2.478739863831034285e-01
-3.548882145735046123e-01
5.278503567564563070e-02
7.826461381621818703e-02
-2.376821551268744059e-01
-4.007514552265334373e-01
-2.529699020112161634e-01
-5.422919251475555313e-02
2.209502514034209497e-01
-2.427780707549889172e-01
1.750870107503921247e-01
6.897744891899453279e-01
8.273642111490335793e-01
8.069805486365755343e-01
7.764050548678902430e-01
8.171723798928045568e-01
6.133357547682294353e-01
8.426519580333771131e-01
8.375560424052626018e-01
8.528437892896061356e-01
8.018846330084610230e-01
7.050622360742888617e-01
8.528437892896061356e-01
8.171723798928045568e-01
2.515257451721080173e-01
-8.990060191155713198e-02
-4.403736125852653061e-02
3.749728879130387327e-02
-2.784494801517887197e-01
-3.599841302016191236e-01
-3.548882145735046123e-01
-1.969148301019583158e-01
-1.357638425645859570e-01
-4.160392021108769711e-01
-3.956555395984207024e-01
-2.988331426642467648e-01
-1.561475050770440021e-01
-3.803677927140771686e-01
-1.561475050770440021e-01
-4.403736125852653061e-02
-1.357638425645859570e-01
8.845644507244720955e-02
7.967887173803465117e-01
7.101581517024033730e-01
3.534440577343946899e-01
3.432522264781674437e-01
5.725684297433133452e-01
7.203499829586306191e-01
1.750870107503921247e-01
1.648951794941631022e-01
5.929520922557713902e-01
8.732274518020624043e-01
8.885151986864059381e-01
8.324601267771480906e-01
7.611173079835467092e-01
2.056625045190774159e-01
1.445115169817050571e-01
2.922930701970223311e-01
3.330603952219384212e-01
3.240137316318936200e-02
-1.357638425645859570e-01
3.789236358749672462e-01
5.980480078838859015e-01
3.738277202468527349e-01
-8.480468628344262072e-02
-6.951693939909908693e-02
9.864827632867623208e-02
-1.000924331677843782e-01
-4.669983583920220838e-01
-3.192168051767048098e-01
-3.650800458297336348e-01
-3.090249739204757873e-01
1.201771065073131695e-02
3.585399733625092011e-01
-2.874961437418299681e-02
-2.733535645236742084e-01
-2.223944082425308721e-01
1.190319388411342771e-01
-6.951693939909908693e-02
-1.714352519613875359e-01
-1.714352519613875359e-01
6.795826579337163054e-01
8.324601267771480906e-01
8.630356205458351582e-01
7.865968861241192656e-01
7.764050548678902430e-01
6.388153329088019916e-01
6.642949110493727716e-01
8.375560424052626018e-01
8.579397049177206469e-01
8.426519580333771131e-01
6.388153329088019916e-01
8.681315361739496694e-01
8.273642111490335793e-01
5.725684297433133452e-01
2.220954190696033947e-02
2.871971545689078198e-01
1.343196857254760346e-01
-2.365369874607026190e-02
-4.160392021108769711e-01
-4.058473708546479486e-01
-2.020107457300728271e-01
-1.000924331677843782e-01
-4.568065271357930612e-01
-4.160392021108769711e-01
-3.497922989453901010e-01
-1.918189144738438046e-01
-4.619024427639075725e-01
-2.376821551268744059e-01
-1.969148301019583158e-01
-2.937372270361322535e-01
-1.816270832176147820e-01
6.846785735618308166e-01
5.318011047183990314e-01
2.515257451721080173e-01
2.922930701970223311e-01
6.490071641650292378e-01
8.273642111490335793e-01
5.419929359746280539e-01
5.012256109497119638e-01
6.490071641650292378e-01
8.885151986864059381e-01
8.222682955209190681e-01
7.916928017522337768e-01
8.120764642646900455e-01
7.050622360742888617e-01
3.687318046187382237e-01
3.993072983874252913e-01
4.349787077842250937e-01
-1.051883487958988894e-01
-2.529699020112161634e-01
-2.365369874607026190e-02
4.910337796934847177e-01
3.330603952219384212e-01
-3.270036233612216847e-03
-1.408597581927004683e-01
2.515257451721080173e-01
-1.510515894489294908e-01
-3.803677927140771686e-01
-8.990060191155713198e-02
-1.357638425645859570e-01
-2.988331426642467648e-01
6.807278255998916450e-02
4.757460328091411839e-01
2.158543357753064384e-01
-2.937372270361322535e-01
-2.529699020112161634e-01
2.260461670315354610e-01
2.107584201471919272e-01
-7.461285502721359819e-02
-1.408597581927004683e-01
6.999663204461743504e-01
8.426519580333771131e-01
8.375560424052626018e-01
7.305418142148596417e-01
8.477478736614916244e-01
5.368970203465135427e-01
4.400746234123396050e-01
7.662132236116612205e-01
7.203499829586306191e-01
2.973889858251368423e-01
2.821012389407933085e-01
7.407336454710886642e-01
8.273642111490335793e-01
4.298827921561105825e-01
-4.913327688664104187e-02
-6.951693939909908693e-02
-3.894144563041201934e-02
-2.937372270361322535e-01
-2.427780707549889172e-01
-3.701759614578481461e-01
-3.956555395984207024e-01
-4.568065271357930612e-01
-2.529699020112161634e-01
-1.969148301019583158e-01
-3.548882145735046123e-01
-4.109432864827624599e-01
-2.784494801517887197e-01
4.768912004753289580e-02
-3.384553000229750808e-02
-1.612434207051585133e-01
1.711362627884582821e-02
7.764050548678902430e-01
8.477478736614916244e-01
7.509254767273176867e-01
7.764050548678902430e-01
8.222682955209190681e-01
6.235275860244584578e-01
8.273642111490335793e-01
8.222682955209190681e-01
8.528437892896061356e-01
8.018846330084610230e-01
8.018846330084610230e-01
8.579397049177206469e-01
8.375560424052626018e-01
4.768912004753289580e-02
-5.422919251475555313e-02
-1.510515894489294908e-01
-1.051883487958988894e-01
-4.364228646233350162e-01
-3.803677927140771686e-01
-4.568065271357930612e-01
-2.274903238706453834e-01
-3.090249739204757873e-01
-4.313269489952205049e-01
-4.619024427639075725e-01
-3.192168051767048098e-01
-4.364228646233350162e-01
-2.580658176393306746e-01
5.278503567564563070e-02
6.807278255998916450e-02
-6.951693939909908693e-02
4.349787077842250937e-01
8.324601267771480906e-01
7.611173079835467092e-01
5.470888516027425652e-01
5.063215265778264751e-01
8.579397049177206469e-01
8.579397049177206469e-01
6.795826579337163054e-01
5.318011047183990314e-01
8.681315361739496694e-01
8.171723798928045568e-01
8.273642111490335793e-01
8.069805486365755343e-01
5.776643453714278564e-01
-1.816270832176147820e-01
-1.255720113083569345e-01
7.316869818810367576e-02
2.107584201471919272e-01
-1.867229988457292933e-01
-2.682576488955596972e-01
5.278503567564563070e-02
3.534440577343946899e-01
-6.951693939909908693e-02
-4.415187802514495274e-01
-4.720942740201365950e-01
-3.701759614578481461e-01
-4.364228646233350162e-01
-1.714352519613875359e-01
1.750870107503921247e-01
-7.970877065532810946e-02
1.139360232130197659e-01
4.044032140155398025e-01
6.031439235120004128e-01
3.075808170813658649e-01
-1.510515894489294908e-01
1.343196857254760346e-01
4.655542015529121613e-01
5.368970203465135427e-01
4.094991296436543138e-01
5.368970203465135427e-01
8.069805486365755343e-01
6.388153329088019916e-01
7.356377298429741529e-01
7.152540673305178842e-01
3.279644795938239099e-01
7.826461381621818703e-02
2.005665888909629047e-01
7.407336454710886642e-01
6.642949110493727716e-01
2.871971545689078198e-01
2.617175764283370398e-01
5.674725141152006103e-01
4.706501171810266726e-01
-2.682576488955596972e-01
-3.599841302016191236e-01
-4.160392021108769711e-01
-4.109432864827624599e-01
-3.803677927140771686e-01
9.355236070056172082e-02
-2.478739863831034285e-01
-3.650800458297336348e-01
-4.058473708546479486e-01
-5.422919251475555313e-02
-2.580658176393306746e-01
-3.345045520610465672e-01
-4.415187802514495274e-01
1.750870107503921247e-01
4.349787077842250937e-01
5.165133578340554976e-01
2.617175764283370398e-01
7.356377298429741529e-01
8.324601267771480906e-01
7.254458985867451304e-01
8.273642111490335793e-01
8.630356205458351582e-01
8.018846330084610230e-01
6.897744891899453279e-01
8.426519580333771131e-01
8.528437892896061356e-01
8.579397049177206469e-01
4.196909608998833363e-01
4.808419484372556951e-01
5.521847672308570765e-01
4.094991296436543138e-01
-3.956555395984207024e-01
-3.243127208048175447e-01
-2.376821551268744059e-01
-1.357638425645859570e-01
-4.058473708546479486e-01
-4.771901896482493299e-01
-3.650800458297336348e-01
-9.499651753967164325e-02
-4.313269489952205049e-01
-4.415187802514495274e-01
-2.376821551268744059e-01
-4.415187802514495274e-01
-3.446963833172755898e-01
1.750870107503921247e-01
6.031439235120004128e-01
2.107584201471919272e-01
3.381563108500529324e-01
5.267051890902845201e-01
8.222682955209190681e-01
5.368970203465135427e-01
4.145950452717688250e-01
3.381563108500529324e-01
8.528437892896061356e-01
7.967887173803465117e-01
7.203499829586306191e-01
7.662132236116612205e-01
6.286235016525729691e-01
6.439112485369165029e-01
4.400746234123396050e-01
6.948704048180598392e-01
3.891154671311962687e-01
-1.000924331677843782e-01
2.515257451721080173e-01
5.267051890902845201e-01
4.298827921561105825e-01
1.711362627884582821e-02
-3.141208895485902985e-01
1.292237700973615233e-01
-4.913327688664104187e-02
-4.109432864827624599e-01
-3.446963833172755898e-01
-4.415187802514495274e-01
-4.568065271357930612e-01
-4.058473708546479486e-01
2.770053233126787973e-01
-1.816270832176147820e-01
-3.752718770859626574e-01
-3.803677927140771686e-01
9.355236070056172082e-02
4.768912004753289580e-02
1.201771065073131695e-02
-3.650800458297336348e-01
3.279644795938239099e-01
4.604582859247976501e-01
6.897744891899453279e-01
2.770053233126787973e-01
7.967887173803465117e-01
8.018846330084610230e-01
7.611173079835467092e-01
8.426519580333771131e-01
8.324601267771480906e-01
6.286235016525729691e-01
5.114174422059409864e-01
8.324601267771480906e-01
8.426519580333771131e-01
8.069805486365755343e-01
6.133357547682294353e-01
6.235275860244584578e-01
7.458295610992031754e-01
4.094991296436543138e-01
-2.835453957799032310e-01
-4.109432864827624599e-01
-2.784494801517887197e-01
-3.548882145735046123e-01
-4.058473708546479486e-01
-3.497922989453901010e-01
-4.313269489952205049e-01
-1.663393363332730246e-01
-4.007514552265334373e-01
-3.956555395984207024e-01
-4.313269489952205049e-01
-4.517106115076785500e-01
-4.924779365325928637e-01
1.954706732628501697e-01
3.993072983874252913e-01
3.381563108500529324e-01
3.636358889906237124e-01
6.795826579337163054e-01
8.477478736614916244e-01
6.388153329088019916e-01
4.196909608998833363e-01
4.553623702966831388e-01
8.222682955209190681e-01
6.897744891899453279e-01
4.145950452717688250e-01
6.439112485369165029e-01
8.477478736614916244e-01
6.133357547682294353e-01
7.713091392397757318e-01
5.521847672308570765e-01
3.126767327094803761e-01
-2.937372270361322535e-01
-8.990060191155713198e-02
1.852788420066211472e-01
4.349787077842250937e-01
-1.969148301019583158e-01
1.088401075849052546e-01
3.738277202468527349e-01
5.980480078838859015e-01
-1.204760956802424232e-01
-2.733535645236742084e-01
-4.211351177389914824e-01
-3.701759614578481461e-01
-4.058473708546479486e-01
2.220954190696033947e-02
-2.874961437418299681e-02
-2.937372270361322535e-01
-3.752718770859626574e-01
1.241278544692470120e-01
8.845644507244720955e-02
-3.243127208048175447e-01
-4.873820209044783525e-01
-5.422919251475555313e-02
3.432522264781674437e-01
4.859378640653702064e-01
4.247868765279960712e-01
7.203499829586306191e-01
7.407336454710886642e-01
7.050622360742888617e-01
8.630356205458351582e-01
8.018846330084610230e-01
7.916928017522337768e-01
8.375560424052626018e-01
8.120764642646900455e-01
7.305418142148596417e-01
8.426519580333771131e-01
5.572806828589715877e-01
5.674725141152006103e-01
7.611173079835467092e-01
4.808419484372556951e-01
-2.223944082425308721e-01
-2.886413114080177422e-01
-1.765311675895002708e-01
6.807278255998916450e-02
-4.466146958795640387e-01
-4.619024427639075725e-01
-2.172984926144163609e-01
-2.365369874607026190e-02
-2.529699020112161634e-01
-4.822861052763638412e-01
-4.415187802514495274e-01
-4.262310333671059936e-01
-5.281493459293944426e-01
-7.461285502721359819e-02
1.699910951222776134e-01
9.864827632867623208e-02
-7.970877065532810946e-02
3.993072983874252913e-01
7.101581517024033730e-01
5.368970203465135427e-01
1.201771065073131695e-02
2.209502514034209497e-01
5.267051890902845201e-01
4.961296953215992289e-01
1.190319388411342771e-01
3.432522264781674437e-01
8.120764642646900455e-01
8.018846330084610230e-01
8.375560424052626018e-01
7.865968861241192656e-01
5.776643453714278564e-01
1.825879394502294417e-03
4.400746234123396050e-01
4.808419484372556951e-01
7.509254767273176867e-01
3.177726483375948874e-01
4.196909608998833363e-01
6.744867423056017941e-01
6.897744891899453279e-01
-1.765311675895002708e-01
-1.867229988457292933e-01
-4.669983583920220838e-01
-1.561475050770440021e-01
-4.822861052763638412e-01
-3.141208895485902985e-01
-1.561475050770440021e-01
-4.822861052763638412e-01
-4.262310333671059936e-01
-3.701759614578481461e-01
-1.510515894489294908e-01
-4.975738521607073750e-01
-4.415187802514495274e-01
-4.568065271357930612e-01
2.871971545689078198e-01
9.355236070056172082e-02
1.088401075849052546e-01
2.973889858251368423e-01
7.865968861241192656e-01
8.222682955209190681e-01
8.273642111490335793e-01
6.846785735618308166e-01
7.560213923554321980e-01
8.273642111490335793e-01
8.375560424052626018e-01
6.999663204461743504e-01
8.171723798928045568e-01
7.305418142148596417e-01
6.286235016525729691e-01
7.967887173803465117e-01
3.840195515030817575e-01
-2.733535645236742084e-01
-4.568065271357930612e-01
-1.255720113083569345e-01
-1.765311675895002708e-01
-3.905596239703061912e-01
-5.026697677888218863e-01
-3.599841302016191236e-01
-3.090249739204757873e-01
-3.548882145735046123e-01
-4.313269489952205049e-01
-4.924779365325928637e-01
-4.771901896482493299e-01
-4.415187802514495274e-01
2.260461670315354610e-01
1.496074326098195684e-01
3.024849014532513536e-01
6.807278255998916450e-02
6.846785735618308166e-01
8.375560424052626018e-01
8.375560424052626018e-01
4.451705390404541163e-01
8.375560424052626018e-01
8.477478736614916244e-01
7.916928017522337768e-01
6.235275860244584578e-01
8.273642111490335793e-01
8.171723798928045568e-01
4.808419484372556951e-01
6.235275860244584578e-01
5.063215265778264751e-01
9.355236070056172082e-02
-4.822861052763638412e-01
-3.141208895485902985e-01
-8.480468628344262072e-02
5.278503567564563070e-02
-3.956555395984207024e-01
-2.835453957799032310e-01
-2.874961437418299681e-02
1.201771065073131695e-02
-4.109432864827624599e-01
-3.599841302016191236e-01
-4.924779365325928637e-01
-3.803677927140771686e-01
-2.682576488955596972e-01
6.286235016525729691e-01
4.400746234123396050e-01
3.126767327094803761e-01
-4.403736125852653061e-02
6.031439235120004128e-01
3.840195515030817575e-01
2.464298295439935060e-01
-1.051883487958988894e-01
3.993072983874252913e-01
7.662132236116612205e-01
8.171723798928045568e-01
6.693908266774872828e-01
8.426519580333771131e-01
4.094991296436543138e-01
1.241278544692470120e-01
5.318011047183990314e-01
5.063215265778264751e-01
2.107584201471919272e-01
4.259320441941838453e-02
4.910337796934847177e-01
6.439112485369165029e-01
5.318011047183990314e-01
-1.459556738208149795e-01
-4.913327688664104187e-02
3.228685639657093986e-01
-3.270036233612216847e-03
-4.517106115076785500e-01
-2.682576488955596972e-01
-3.956555395984207024e-01
-3.803677927140771686e-01
-8.990060191155713198e-02
1.954706732628501697e-01
-2.122025769863018496e-01
-3.548882145735046123e-01
-4.415187802514495274e-01
2.668134920564515511e-01
1.825879394502294417e-03
-2.122025769863018496e-01
-7.461285502721359819e-02
6.591989954212582603e-01
7.916928017522337768e-01
8.222682955209190681e-01
6.846785735618308166e-01
6.948704048180598392e-01
6.541030797931437490e-01
4.961296953215992289e-01
8.273642111490335793e-01
7.865968861241192656e-01
6.693908266774872828e-01
7.254458985867451304e-01
8.528437892896061356e-01
8.324601267771480906e-01
4.961296953215992289e-01
-4.913327688664104187e-02
-1.510515894489294908e-01
6.807278255998916450e-02
-3.599841302016191236e-01
-3.141208895485902985e-01
-4.466146958795640387e-01
-4.568065271357930612e-01
-4.262310333671059936e-01
-4.007514552265334373e-01
-3.396004676891610785e-01
-3.803677927140771686e-01
-4.669983583920220838e-01
-4.364228646233350162e-01
4.768912004753289580e-02
-7.970877065532810946e-02
5.788095130376014197e-02
1.292237700973615233e-01
8.426519580333771131e-01
7.305418142148596417e-01
8.018846330084610230e-01
6.541030797931437490e-01
7.865968861241192656e-01
8.171723798928045568e-01
8.324601267771480906e-01
4.604582859247976501e-01
8.375560424052626018e-01
8.681315361739496694e-01
7.305418142148596417e-01
8.375560424052626018e-01
6.439112485369165029e-01
2.464298295439935060e-01
-3.345045520610465672e-01
-4.403736125852653061e-02
-2.784494801517887197e-01
-3.650800458297336348e-01
-4.058473708546479486e-01
-2.937372270361322535e-01
-8.480468628344262072e-02
-8.990060191155713198e-02
-4.517106115076785500e-01
-3.803677927140771686e-01
-4.160392021108769711e-01
-3.956555395984207024e-01
-4.913327688664104187e-02
6.921795022616805682e-03
4.768912004753289580e-02
-5.932510814287006440e-02
4.094991296436543138e-01
7.509254767273176867e-01
6.795826579337163054e-01
1.750870107503921247e-01
5.318011047183990314e-01
7.509254767273176867e-01
8.171723798928045568e-01
4.349787077842250937e-01
4.094991296436543138e-01
8.222682955209190681e-01
7.407336454710886642e-01
8.375560424052626018e-01
6.133357547682294353e-01
6.082398391401149240e-01
