-6.872564302931809976e+00
-6.658535846551004944e+00
-6.791029652881979572e+00
-6.943907121725411358e+00
-6.811413315394436729e+00
-7.061113181172041564e+00
-6.745166412228948971e+00
-7.652239394033310660e+00
-7.356676287602676112e+00
-8.620463363375044707e+00
-8.238269691266465244e+00
-8.396243075738011541e+00
-8.467585894531612922e+00
-7.952898416092059719e+00
-7.774541369108056266e+00
-7.647143478405196149e+00
-6.847084724791237420e+00
-7.066209096800156075e+00
-6.327301330723569706e+00
-6.643248099666662299e+00
-6.357876824492255885e+00
-6.301821752582998037e+00
-6.592288943385518074e+00
-6.352780908864141374e+00
-7.280237553180960219e+00
-7.112072337453185789e+00
-7.336292625090218955e+00
-7.794925031620513423e+00
-8.141447294332291307e+00
-8.666326604028075309e+00
-8.396243075738011541e+00
-8.640847025887502753e+00
-8.538928713325214304e+00
-7.856076019157886670e+00
-8.258653353778923289e+00
-7.458594600164964561e+00
-7.667527140917654194e+00
-6.928619374841067824e+00
-6.841988809163122909e+00
-6.434315558913971778e+00
-6.378260487004713930e+00
-6.347684993236026862e+00
-6.495466546451345025e+00
-6.368068655748484908e+00
-7.453498684536850050e+00
-6.770645990369521527e+00
-7.988569825488861298e+00
-7.570704743983480256e+00
-8.309612510060066626e+00
-8.233173775638352510e+00
-8.477777725787841945e+00
-8.518545050812758035e+00
-8.640847025887502753e+00
-8.085392222423035236e+00
-8.192406450613436419e+00
-6.999962193634669205e+00
-7.514649672074222408e+00
-6.485274715195116002e+00
-6.857276556047466443e+00
-6.434315558913971778e+00
-6.255958511929968324e+00
-6.286534005698654504e+00
-6.607576690269860720e+00
-6.551521618360602872e+00
-7.219086565643587861e+00
-6.729878665344606326e+00
-7.861171934786001181e+00
-7.438210937652506516e+00
-8.681614350912417066e+00
-8.406434906994240563e+00
-8.717285760309218645e+00
-8.630655194631273730e+00
-8.156735041216634841e+00
-8.258653353778923289e+00
-8.014049403629432078e+00
-7.560512912727252122e+00
-7.591088406495938301e+00
-6.765550074741407016e+00
-7.183415156246787170e+00
-6.490370630823230513e+00
-6.638152184038547787e+00
-6.449603305798314423e+00
-6.403740065145285598e+00
-6.862372471675580954e+00
-6.841988809163122909e+00
-7.331196709462104444e+00
-7.687910803430112239e+00
-7.545225165842908588e+00
-8.426818569506698609e+00
-8.090488138051147970e+00
-8.600079700862586662e+00
-8.559312375837672349e+00
-8.350379835084982716e+00
-8.345283919456868205e+00
-7.596184322124052812e+00
-7.667527140917654194e+00
-7.010154024890898228e+00
-6.862372471675580954e+00
-6.811413315394436729e+00
-6.368068655748484908e+00
-6.449603305798314423e+00
-6.531137955848144827e+00
-6.449603305798314423e+00
-7.061113181172041564e+00
-6.821605146650664864e+00
-7.621663900264624480e+00
-7.382155865743248668e+00
-8.146543209960405818e+00
-8.314708425688181137e+00
-8.370763497597440761e+00
-8.477777725787841945e+00
-8.544024628953328815e+00
-7.968186162976403253e+00
-8.355475750713097227e+00
-7.346484456346447089e+00
-8.059912644282462679e+00
-6.597384859013631697e+00
-6.943907121725411358e+00
-6.709495002832149169e+00
-6.571905280873060917e+00
-6.434315558913971778e+00
-6.520946124591915805e+00
-6.408835980773400109e+00
-7.178319240618672659e+00
-6.836892893535008398e+00
-7.963090247348288742e+00
-7.361772203230790623e+00
-8.594983785234472151e+00
-8.110871800563606016e+00
-8.671422519656189820e+00
-8.421722653878584097e+00
-8.289228847547610357e+00
-8.309612510060066626e+00
-8.029337150513775612e+00
-7.356676287602676112e+00
-7.672623056545768705e+00
-6.954098952981639492e+00
-7.417827275140048471e+00
-6.322205415095455194e+00
-6.643248099666662299e+00
-6.266150343186197347e+00
-6.286534005698654504e+00
-6.694207255947805635e+00
-6.622864437154204253e+00
-7.096784590568843143e+00
-7.361772203230790623e+00
-7.377059950115134157e+00
-8.131255463076064061e+00
-7.693006719058226750e+00
-8.411530822622355075e+00
-8.131255463076064061e+00
-8.401338991366126052e+00
-8.574600122722015882e+00
-8.156735041216634841e+00
-8.533832797697099792e+00
-7.351580371974561601e+00
-7.514649672074222408e+00
-7.249662059412274040e+00
-6.561713449616831895e+00
-6.673823593435347590e+00
-6.342589077607913239e+00
-6.434315558913971778e+00
-6.546425702732488361e+00
-6.301821752582998037e+00
-7.122264168709413923e+00
-6.918427543584838801e+00
-7.535033334586680454e+00
-7.489170093933650740e+00
-8.202598281869665442e+00
-8.584791953978244905e+00
-8.416626738250469586e+00
-8.544024628953328815e+00
-8.538928713325214304e+00
-7.978377994232632275e+00
-8.268845185035152312e+00
-7.249662059412274040e+00
-7.840788272273544024e+00
-6.602480774641746208e+00
-7.010154024890898228e+00
-6.510754293335687670e+00
-6.500562462079459536e+00
-6.357876824492255885e+00
-6.556617533988717383e+00
-6.393548233889056576e+00
-6.714590918460263680e+00
-6.357876824492255885e+00
-7.560512912727252122e+00
-7.045825434287698030e+00
-8.044624897398119145e+00
-7.896843344182801872e+00
-8.416626738250469586e+00
-8.452298147647269388e+00
-8.406434906994240563e+00
-8.401338991366126052e+00
-8.498161388300299990e+00
-7.754157706595599109e+00
-8.207694197497779953e+00
-7.163031493734330013e+00
-7.463690515793079072e+00
-6.673823593435347590e+00
-6.969386699865982138e+00
-6.352780908864141374e+00
-6.403740065145285598e+00
-6.408835980773400109e+00
-6.383356402632827553e+00
-6.276342174442425481e+00
-6.877660218559923599e+00
-6.556617533988717383e+00
-7.514649672074222408e+00
-6.928619374841067824e+00
-7.942706584835830697e+00
-7.845884187901657647e+00
-8.533832797697099792e+00
-8.284132931919495846e+00
-8.273941100663266823e+00
-8.467585894531612922e+00
-8.192406450613436419e+00
-7.815308694132971468e+00
-8.014049403629432078e+00
-7.030537687403355385e+00
-7.341388540718332578e+00
-6.500562462079459536e+00
-6.796125568510094084e+00
-6.347684993236026862e+00
-6.510754293335687670e+00
-6.561713449616831895e+00
-6.556617533988717383e+00
-6.999962193634669205e+00
-6.999962193634669205e+00
-7.575800659611594767e+00
-7.825500525389200490e+00
-7.876459681670343826e+00
-8.487969557044070967e+00
-8.324900256944410160e+00
-8.406434906994240563e+00
-8.574600122722015882e+00
-7.912131091067145405e+00
-8.273941100663266823e+00
-7.428019106396277493e+00
-7.743965875339370086e+00
-7.081496843684499609e+00
-6.959194868609754003e+00
-6.719686834088378191e+00
-6.551521618360602872e+00
-6.597384859013631697e+00
-6.587193027757403563e+00
-6.347684993236026862e+00
-7.035633603031469896e+00
-6.638152184038547787e+00
-7.682814887801997727e+00
-7.208894734387358838e+00
-8.396243075738011541e+00
-8.431914485134813120e+00
-8.370763497597440761e+00
-8.498161388300299990e+00
-8.375859413225555272e+00
-8.355475750713097227e+00
-8.564408291465786860e+00
-7.856076019157886670e+00
-7.963090247348288742e+00
-7.091688674940728632e+00
-7.428019106396277493e+00
-6.806317399766322218e+00
-6.699303171575920146e+00
-6.459795137054543446e+00
-6.439411474542086289e+00
-6.281438090070539992e+00
-6.658535846551004944e+00
-6.673823593435347590e+00
-7.117168253081299412e+00
-7.117168253081299412e+00
-7.942706584835830697e+00
-7.774541369108056266e+00
-8.447202232019154877e+00
-8.508353219556529012e+00
-8.544024628953328815e+00
-8.630655194631273730e+00
-8.243365606894579756e+00
-8.044624897398119145e+00
-8.044624897398119145e+00
-7.407635443883820336e+00
-7.952898416092059719e+00
-6.801221484138207707e+00
-7.270045721924731197e+00
-6.368068655748484908e+00
-6.556617533988717383e+00
-6.480178799567001491e+00
-6.495466546451345025e+00
-6.847084724791237420e+00
-6.872564302931809976e+00
-7.086592759312614120e+00
-7.922322922323373540e+00
-7.565608828355365745e+00
-8.375859413225555272e+00
-8.049720813026233657e+00
-8.462489978903498411e+00
-8.559312375837672349e+00
-8.192406450613436419e+00
-8.345283919456868205e+00
-7.565608828355365745e+00
-7.616567984636510857e+00
-7.453498684536850050e+00
-6.938811206097296846e+00
-6.964290784237868515e+00
-6.408835980773400109e+00
-6.541329787104373850e+00
-6.622864437154204253e+00
-6.373164571376599419e+00
-6.719686834088378191e+00
-6.597384859013631697e+00
-7.285333468809074731e+00
-7.132455999965642945e+00
-7.952898416092059719e+00
-8.217886028754008976e+00
-8.416626738250469586e+00
-8.437010400762927631e+00
-8.712189844681104134e+00
-8.253557438150808778e+00
-8.742765338449789425e+00
-7.570704743983480256e+00
-7.988569825488861298e+00
-7.050921349915812542e+00
-7.270045721924731197e+00
-6.755358243485177994e+00
-6.719686834088378191e+00
-6.464891052682657957e+00
-6.368068655748484908e+00
-6.464891052682657957e+00
-6.729878665344606326e+00
-6.546425702732488361e+00
-7.443306853280621027e+00
-7.030537687403355385e+00
-7.968186162976403253e+00
-7.565608828355365745e+00
-8.350379835084982716e+00
-8.212790113125894464e+00
-8.594983785234472151e+00
-8.651038857143731775e+00
-8.727477591565447668e+00
-8.279037016291381335e+00
-8.375859413225555272e+00
-7.708294465942569396e+00
-8.146543209960405818e+00
-7.030537687403355385e+00
-7.122264168709413923e+00
-6.454699221426428934e+00
-6.689111340319691124e+00
-6.627960352782318765e+00
-6.469986968310772468e+00
-6.617768521526089742e+00
-6.841988809163122909e+00
-6.607576690269860720e+00
-7.662431225289539682e+00
-7.122264168709413923e+00
-8.156735041216634841e+00
-7.963090247348288742e+00
-8.651038857143731775e+00
-8.518545050812758035e+00
-8.437010400762927631e+00
-8.549120544581443326e+00
-7.978377994232632275e+00
-7.784733200364285288e+00
-7.968186162976403253e+00
-7.071305012428270587e+00
-7.361772203230790623e+00
-6.444507390170200800e+00
-6.974482615494096649e+00
-6.505658377707573159e+00
-6.312013583839226172e+00
-6.582097112129289052e+00
-6.571905280873060917e+00
-6.806317399766322218e+00
-7.086592759312614120e+00
-7.224182481271702372e+00
-7.794925031620513423e+00
-7.764349537851828131e+00
-8.503257303928414501e+00
-8.508353219556529012e+00
-8.523640966440872546e+00
-8.620463363375044707e+00
-8.467585894531612922e+00
-8.518545050812758035e+00
-7.912131091067145405e+00
-7.769445453479941754e+00
-7.575800659611594767e+00
-7.219086565643587861e+00
-7.428019106396277493e+00
-6.510754293335687670e+00
-6.617768521526089742e+00
-6.388452318260942064e+00
-6.347684993236026862e+00
-7.010154024890898228e+00
-6.775741905997636039e+00
-7.377059950115134157e+00
-7.478978262677421718e+00
-7.968186162976403253e+00
-8.146543209960405818e+00
-7.952898416092059719e+00
-8.508353219556529012e+00
-8.564408291465786860e+00
-8.625559279003159219e+00
-8.600079700862586662e+00
-7.993665741116974921e+00
-8.329996172572524671e+00
-7.371964034487019646e+00
-7.647143478405196149e+00
-6.887852049816152622e+00
-6.969386699865982138e+00
-6.561713449616831895e+00
-6.515850208963802181e+00
-6.464891052682657957e+00
-6.607576690269860720e+00
-6.419027812029628244e+00
-7.295525300065303753e+00
-6.734974580972720837e+00
-7.932514753579602562e+00
-7.555416997099137610e+00
-8.335092088200639182e+00
-8.549120544581443326e+00
-8.645942941515617264e+00
-8.681614350912417066e+00
-8.712189844681104134e+00
-8.008953488001317567e+00
-8.472681810159727434e+00
-7.621663900264624480e+00
-8.090488138051147970e+00
-6.714590918460263680e+00
-7.494266009561764363e+00
-6.734974580972720837e+00
-6.882756134188038111e+00
-6.541329787104373850e+00
-6.551521618360602872e+00
-6.475082883938886980e+00
-6.734974580972720837e+00
-6.520946124591915805e+00
-7.499361925189878875e+00
-6.923523459212953313e+00
-7.886651512926572849e+00
-7.570704743983480256e+00
-8.324900256944410160e+00
-8.268845185035152312e+00
-8.482873641415956456e+00
-8.701998013424875111e+00
-8.437010400762927631e+00
-7.896843344182801872e+00
-8.019145319257546589e+00
-7.285333468809074731e+00
-7.509553756446107897e+00
-6.785933737253865061e+00
-6.867468387303695465e+00
-6.515850208963802181e+00
-6.765550074741407016e+00
-6.469986968310772468e+00
-6.551521618360602872e+00
-6.821605146650664864e+00
-6.750262327857063482e+00
-7.366868118858905135e+00
-7.942706584835830697e+00
-7.611472069008396346e+00
-8.462489978903498411e+00
-8.386051244481782518e+00
-8.365667581969326250e+00
-8.727477591565447668e+00
-8.309612510060066626e+00
-8.426818569506698609e+00
-8.019145319257546589e+00
-7.519745587702336920e+00
-7.565608828355365745e+00
-6.903139796700495268e+00
-7.219086565643587861e+00
-6.469986968310772468e+00
-6.475082883938886980e+00
-6.362972740120370396e+00
-6.286534005698654504e+00
-6.826701062278779375e+00
-6.643248099666662299e+00
-7.438210937652506516e+00
-7.305717131321532776e+00
-7.968186162976403253e+00
-8.065008559910577191e+00
-8.452298147647269388e+00
-8.666326604028075309e+00
-8.431914485134813120e+00
-8.350379835084982716e+00
-8.487969557044070967e+00
-7.825500525389200490e+00
-8.131255463076064061e+00
-7.106976421825071277e+00
-7.290429384437189242e+00
-6.724782749716492702e+00
-6.755358243485177994e+00
-6.449603305798314423e+00
-6.556617533988717383e+00
-6.408835980773400109e+00
-6.852180640419351931e+00
-6.475082883938886980e+00
-7.407635443883820336e+00
-7.147743746849986479e+00
-7.937610669207716185e+00
-7.840788272273544024e+00
-8.518545050812758035e+00
-8.447202232019154877e+00
-8.620463363375044707e+00
-8.528736882068985281e+00
-8.329996172572524671e+00
-7.871363766042229315e+00
-8.319804341316295648e+00
-7.560512912727252122e+00
-7.631855731520853503e+00
-6.638152184038547787e+00
-7.198702903131129816e+00
-6.653439930922890433e+00
